372 188
334 200
355 202
376 203
979 233
1007 241
966 243
1003 243
464 244
990 244
918 245
931 246
400 247
432 247
884 247
894 247
934 247
414 248
454 251
367 252
394 252
926 252
324 253
334 253
378 254
958 254
311 255
904 255
906 255
368 257
179 260
710 261
962 261
974 261
355 262
135 263
260 263
215 264
575 264
867 265
513 266
142 267
372 267
125 268
267 268
522 269
208 271
536 271
582 271
507 273
402 274
866 274
676 275
506 276
676 276
864 276
124 277
769 278
567 279
586 279
599 279
691 279
729 279
365 280
625 281
628 281
775 281
445 282
800 282
588 283
797 283
509 284
719 284
787 284
965 284
442 285
794 285
94 286
480 286
884 286
335 287
820 287
559 288
821 288
335 289
586 289
858 289
734 290
942 290
822 291
602 292
106 293
115 293
903 293
139 294
107 295
464 295
765 295
768 295
815 295
180 296
213 297
867 297
897 298
933 298
92 300
682 300
981 300
339 301
467 301
581 301
595 301
455 302
706 302
366 304
575 304
659 304
834 305
846 305
339 306
843 306
429 307
710 307
716 307
820 307
256 308
336 308
691 308
189 309
585 309
720 309
102 310
461 310
785 310
110 311
203 311
761 311
781 311
264 313
593 313
101 314
220 314
839 314
901 314
457 316
228 317
323 318
707 320
830 320
337 321
769 321
790 321
332 322
583 322
596 322
652 322
660 322
728 323
660 324
683 324
727 324
205 325
600 325
362 328
449 332
644 332
253 333
348 334
474 334
432 336
581 336
295 337
344 341
80 343
674 343
430 345
218 346
675 346
699 346
245 347
456 347
78 348
287 350
460 350
674 350
793 350
355 351
452 351
580 351
636 351
758 351
231 352
600 352
719 352
332 356
379 356
673 356
375 358
711 359
354 364
388 364
54 365
394 365
649 365
767 365
365 366
343 367
652 368
747 368
331 369
442 369
695 369
698 370
810 370
590 371
677 371
701 371
586 372
372 373
693 373
691 374
385 375
444 375
15 376
768 378
198 385
453 386
727 386
444 390
579 392
439 393
771 393
796 395
785 396
592 402
443 404
583 406
438 407
573 410
578 413
787 416
449 418
769 422
587 426
594 427
450 429
251 433
581 436
461 437
588 441
957 441
444 442
591 448
589 454
659 454
440 455
438 461
439 464
415 468
446 468
235 470
776 470
586 473
576 474
771 474
238 475
453 475
443 476
226 478
616 480
421 481
428 483
364 484
434 486
443 487
647 488
648 489
257 492
658 494
717 495
700 497
202 499
458 499
432 500
220 504
235 505
277 508
527 511
237 520
942 522
260 528
230 533
715 533
204 534
213 536
175 545
216 546
226 546
190 547
237 547
225 549
824 550
829 551
204 552
156 553
670 554
639 557
225 559
242 560
233 561
708 561
204 562
221 563
75 566
573 566
709 568
31 570
677 570
42 571
615 572
562 573
663 573
145 576
152 577
858 577
868 577
880 577
865 580
259 582
700 583
116 584
237 584
509 585
678 585
606 587
658 587
184 588
869 588
878 589
221 590
457 596
214 597
224 597
245 598
515 598
665 598
703 598
448 599
464 600
486 600
504 600
562 600
564 600
248 601
460 601
654 601
731 601
456 602
710 604
719 604
122 605
494 606
929 608
441 610
633 610
720 610
751 610
689 612
727 612
839 614
848 616
713 617
849 617
197 618
517 618
863 619
902 619
246 620
149 621
203 621
247 621
921 621
204 624
526 625
202 635
202 637
755 641
180 642
18 645
189 646
131 649
138 651
123 652
175 653
176 653
187 653
599 653
162 654
630 657
460 659
171 661
596 661
169 662
588 662
611 665
710 665
584 670
